0 0 0
0 3 0
0 74 1
0 154 0
0 1069 1
0 1104 1
0 1128 1
0 1187 1
1 1 1
1 157 1
1 187 1
1 348 1
1 907 1
1 913 1
1 1142 1
1 1277 1
2 23 1
3 23 1
4 23 1
4 477 1
5 23 1
6 23 1
7 23 1
8 176 1
8 1216 1
8 1218 1
9 30 1
10 2 1
10 30 1
11 30 1
12 39 0
12 449 0
12 737 0
12 996 0
12 1269 0
12 1272 0
13 4 0
13 11 0
13 35 0
13 54 1
13 432 1
13 447 1
13 983 1
13 1189 1
14 5 1
14 8 1
14 15 1
14 19 1
14 42 0
15 5 1
15 8 1
15 15 1
15 19 1
15 38 0
15 42 0
16 6 0
16 10 0
16 12 1
16 24 0
16 26 1
16 46 1
16 174 1
16 338 1
17 220 0
18 96 0
19 7 0
20 9 1
20 13 0
20 1262 0
20 1279 1
21 396 1
22 338 0
22 743 0
23 11 1
23 32 1
24 14 0
24 919 1
25 16 1
25 52 0
26 37 1
26 1093 0
27 17 1
28 17 0
29 17 1
30 17 1
31 18 1
32 20 1
33 21 1
33 53 0
33 74 0
33 377 0
33 790 1
33 881 0
33 1163 1
33 1177 0
33 1309 0
34 74 1
35 21 0
36 22 1
37 23 0
38 25 1
38 33 0
38 34 0
38 933 1
38 934 1
38 935 1
38 1275 1
39 34 1
39 918 0
40 418 1
41 40 1
41 50 1
41 1104 1
42 27 1
42 41 1
42 608 1
42 1076 1
42 1160 1
43 49 1
43 608 1
43 1076 0
43 1160 0
44 1211 0
45 721 0
45 802 0
46 74 0
47 28 0
48 737 1
48 1264 1
48 1268 1
48 1312 0
48 1313 0
49 248 1
49 1264 1
49 1268 1
49 1312 1
49 1313 1
50 1268 1
50 1312 1
51 1175 1
51 1268 1
51 1312 1
51 1313 1
52 29 1
53 1267 1
54 917 1
54 1181 1
54 1297 1
54 1298 1
55 623 1
56 31 1
57 44 1
58 847 0
59 36 0
59 532 0
60 36 0
60 532 0
61 74 0
61 299 1
62 43 0
63 907 0
63 1277 0
64 1302 0
65 45 0
66 1291 0
67 47 0
68 48 0
69 51 0
70 51 0
71 921 0
72 248 1
72 412 0
72 905 1
72 912 1
72 1175 0
72 1264 0
73 412 0
73 912 0
73 1175 1
73 1264 0
73 1268 0
74 418 0
75 1126 0
76 1126 0
77 55 0
77 922 0
78 1220 0
79 716 0
79 1142 0
79 1211 1
80 57 1
81 745 1
82 56 1
83 1080 1
84 56 0
84 58 0
84 71 0
84 184 0
84 535 0
84 765 0
85 61 0
86 535 0
87 91 0
88 535 0
89 535 1
90 430 1
91 191 1
91 324 1
92 223 1
92 449 1
92 1165 1
93 235 1
93 316 0
93 358 0
93 454 0
93 455 0
93 499 1
93 554 1
93 584 1
93 662 1
93 687 1
93 694 1
93 710 1
93 800 0
93 858 1
93 898 0
93 979 0
93 1285 0
94 235 1
94 287 1
94 358 1
94 454 0
94 455 0
94 499 1
94 529 1
94 660 0
94 662 0
94 694 1
94 710 1
94 747 0
94 1125 1
95 791 0
96 791 0
96 888 1
96 1072 1
96 1235 1
97 569 1
98 916 1
99 59 1
100 60 1
101 61 1
102 98 1
102 153 1
102 437 1
102 555 1
102 571 1
102 643 1
102 772 1
102 792 1
102 989 1
102 996 1
102 1061 1
102 1090 1
102 1095 0
102 1140 0
103 61 0
103 196 0
104 437 0
104 643 0
104 772 0
104 1061 0
104 1140 0
105 61 0
105 639 0
106 61 0
107 61 0
108 560 1
109 70 1
110 70 0
111 70 0
111 72 0
112 993 0
113 62 1
113 66 1
113 68 1
113 73 1
113 636 1
113 756 1
113 1001 1
113 1067 0
114 504 0
114 546 0
114 1151 0
115 517 0
116 63 0
116 184 0
116 351 0
117 64 1
118 291 0
118 836 0
118 1017 0
118 1151 0
119 826 1
119 836 0
119 1017 0
120 291 0
120 836 0
120 1151 0
120 1244 0
120 1284 0
121 168 0
122 65 0
122 291 0
122 666 0
122 738 0
122 826 0
122 1017 0
122 1151 0
123 291 0
123 332 0
123 666 0
123 738 0
123 1017 0
123 1151 0
123 1284 0
124 291 0
124 1017 0
125 94 0
125 198 0
125 243 0
125 339 0
125 488 0
125 626 0
125 640 0
125 666 0
125 738 1
125 826 0
125 828 0
125 836 0
125 877 1
125 1017 1
125 1089 1
125 1151 1
126 517 1
127 150 1
128 121 0
128 514 1
128 725 1
128 849 1
128 890 1
128 1256 1
129 128 0
129 130 0
129 177 0
129 183 1
129 263 1
129 298 1
129 399 0
129 545 0
129 588 1
129 837 1
129 947 1
129 951 1
129 952 0
129 953 0
129 954 0
129 955 0
129 1014 0
129 1015 0
130 956 0
131 128 0
131 130 1
131 177 1
131 183 1
131 263 1
131 298 1
131 399 1
131 545 1
131 588 1
131 837 1
131 951 1
131 952 1
131 953 1
131 954 1
131 955 1
131 1014 1
131 1015 0
132 195 0
133 143 0
134 1151 0
135 896 0
136 1245 0
137 273 0
137 514 1
137 626 0
137 725 1
137 849 1
137 890 0
137 967 0
138 273 0
139 273 0
139 301 0
139 401 0
140 273 0
140 301 0
140 626 0
141 67 0
142 67 1
143 69 0
143 70 0
143 133 0
143 186 0
143 195 1
143 212 1
143 296 0
143 300 0
143 304 0
143 330 0
143 366 0
143 380 0
143 388 0
143 404 0
143 480 0
143 481 0
143 510 0
143 538 0
143 541 0
143 546 0
143 561 0
143 563 0
143 568 0
143 597 0
143 606 0
143 655 0
143 658 1
143 663 1
143 676 1
143 696 1
143 709 0
143 714 0
143 923 0
143 976 1
143 977 1
143 978 1
143 980 0
143 991 0
143 1000 1
143 1043 1
143 1063 1
143 1077 1
143 1203 1
143 1215 0
143 1235 0
144 70 0
144 125 0
144 133 0
144 186 0
144 195 1
144 296 1
144 300 0
144 304 0
144 313 0
144 315 0
144 330 0
144 350 1
144 366 1
144 380 1
144 384 1
144 388 1
144 404 1
144 481 1
144 510 1
144 538 1
144 541 1
144 546 0
144 561 0
144 563 1
144 568 1
144 597 1
144 606 1
144 655 0
144 658 0
144 663 0
144 676 0
144 696 0
144 709 0
144 714 0
144 737 0
144 743 0
144 923 0
144 976 0
144 977 0
144 978 0
144 980 0
144 982 1
144 991 1
144 1000 1
144 1043 1
144 1060 1
144 1077 1
144 1097 1
144 1103 0
144 1203 0
144 1215 0
144 1272 0
145 869 0
146 869 0
147 869 1
148 404 1
148 1064 1
148 1071 1
148 1078 0
149 76 0
149 120 0
149 280 1
149 429 1
149 761 1
149 778 1
149 780 1
149 1185 1
149 1247 1
150 1019 0
151 464 0
151 723 0
152 1019 0
153 655 1
153 663 1
154 1068 0
155 789 0
156 789 0
156 1019 0
157 464 0
157 560 0
157 723 0
158 569 0
159 1033 0
160 102 0
160 281 0
160 373 0
160 430 0
160 807 0
160 824 0
160 1219 0
161 184 1
162 771 1
163 826 0
164 812 1
165 246 0
165 1145 1
166 361 1
166 400 1
166 745 1
167 70 1
167 96 0
167 133 0
167 195 0
167 259 1
167 497 0
167 546 0
167 637 1
167 678 1
167 714 0
167 743 0
167 753 0
167 808 0
167 903 0
167 972 1
167 1276 1
168 70 0
168 228 0
168 404 0
168 972 0
169 70 0
169 96 0
169 259 0
170 70 0
171 70 0
172 295 0
173 348 0
173 684 0
173 739 0
173 876 0
173 885 0
173 1062 0
173 1248 0
174 1245 0
175 80 0
175 125 0
175 133 0
175 388 0
175 480 0
175 506 0
175 546 0
175 658 0
175 714 0
175 716 0
175 1063 0
176 184 0
177 72 0
178 145 1
178 328 1
178 459 0
178 664 0
178 990 0
179 74 0
179 299 0
180 74 0
181 145 0
182 74 0
182 721 0
182 1138 0
183 75 0
184 1121 0
184 1129 0
185 814 0
186 715 0
186 1042 0
187 1249 0
187 1305 0
188 560 1
189 833 1
190 715 1
191 487 1
192 117 1
192 452 0
192 497 0
192 637 0
192 753 0
192 801 0
192 902 0
192 903 0
192 968 0
193 75 0
193 412 0
193 1119 0
193 1178 0
193 1264 0
193 1268 0
194 77 0
194 92 0
194 94 0
194 111 0
194 161 0
194 190 0
194 207 0
194 267 0
194 294 0
194 307 0
194 311 0
194 339 0
194 354 0
194 357 0
194 381 0
194 383 0
194 441 0
194 483 0
194 493 0
194 554 0
194 591 0
194 633 1
194 785 1
194 786 0
194 793 0
194 815 0
194 820 0
194 821 0
194 838 1
194 850 0
194 896 1
194 959 1
194 1006 1
194 1009 1
194 1012 1
194 1029 1
194 1127 1
194 1150 1
194 1156 1
194 1190 0
194 1191 1
194 1278 0
194 1287 0
195 78 0
195 151 0
195 456 0
195 547 1
195 611 1
195 678 1
195 726 1
195 946 1
195 948 1
195 950 1
195 1240 0
196 79 0
196 323 0
196 342 0
196 356 0
196 386 1
196 410 1
196 466 1
196 489 0
196 543 0
196 614 0
196 843 0
196 856 0
196 944 0
196 949 1
196 1243 0
197 81 1
197 118 0
197 129 0
197 139 0
197 164 0
197 192 0
197 213 0
197 245 0
197 266 0
197 283 0
197 360 0
197 390 0
197 393 0
197 397 0
197 413 0
197 425 0
197 445 0
197 463 0
197 505 0
197 523 0
197 526 0
197 576 0
197 580 0
197 586 0
197 596 0
197 609 0
197 624 0
197 672 0
197 713 0
197 741 0
197 806 0
197 847 0
197 878 0
197 888 0
197 908 0
197 966 0
197 969 0
197 987 1
197 1212 0
197 1270 0
198 82 0
198 579 0
198 765 1
198 1259 0
198 1260 1
199 82 1
199 1259 1
199 1260 0
200 83 1
200 103 1
200 239 1
200 601 1
200 773 1
200 959 0
200 960 0
200 1006 0
200 1009 0
200 1012 0
200 1028 0
200 1029 0
200 1114 0
200 1193 0
201 83 0
201 92 0
201 134 0
201 161 0
201 267 0
201 311 0
201 383 0
201 488 0
201 493 0
201 507 1
201 574 1
201 591 1
201 601 1
201 633 1
201 656 1
201 693 1
201 785 1
201 786 0
201 793 1
201 818 1
201 820 0
201 823 0
201 828 0
201 838 0
201 906 0
201 959 0
201 1006 0
201 1009 0
201 1010 1
201 1012 1
201 1028 1
201 1029 1
201 1191 0
202 83 1
203 83 1
203 1028 1
203 1029 1
203 1200 0
204 83 0
204 92 0
204 94 0
204 119 0
204 126 0
204 161 1
204 190 1
204 207 1
204 267 1
204 294 1
204 311 1
204 354 0
204 357 0
204 383 0
204 470 0
204 483 0
204 493 0
204 574 0
204 591 0
204 633 0
204 653 0
204 656 0
204 786 0
204 793 0
204 815 0
204 820 0
204 821 0
204 823 0
204 834 1
204 836 0
204 838 0
204 896 0
204 959 0
204 960 0
204 967 0
204 1006 0
204 1009 0
204 1028 0
204 1029 0
204 1030 0
204 1110 0
204 1127 0
204 1150 1
204 1156 1
204 1190 1
204 1191 0
204 1194 1
204 1278 0
205 83 0
205 961 0
206 83 0
206 113 0
206 354 0
206 961 0
206 1204 0
207 135 0
207 137 0
207 146 0
207 219 0
207 226 0
207 242 1
207 256 0
207 257 0
207 260 0
207 265 1
207 275 0
207 288 0
207 312 0
207 321 0
207 332 0
207 335 0
207 354 0
207 357 0
207 391 1
207 416 0
207 457 0
207 470 0
207 482 0
207 500 1
207 534 1
207 554 1
207 575 1
207 589 0
207 610 0
207 640 1
207 652 1
207 693 0
207 735 0
207 738 0
207 750 0
207 755 0
207 781 0
207 815 1
207 846 0
207 848 0
207 859 0
207 877 0
207 880 0
207 887 0
207 889 0
207 893 0
207 911 0
207 971 0
207 981 0
207 994 0
207 1048 0
207 1051 0
207 1054 0
207 1055 0
207 1056 0
207 1057 0
207 1112 1
207 1114 0
207 1133 0
207 1141 0
207 1149 0
207 1150 0
207 1162 0
207 1171 1
207 1236 1
207 1288 1
208 92 1
208 513 1
208 535 1
208 635 1
208 734 0
208 900 0
208 959 0
208 963 0
208 1006 0
208 1012 0
208 1029 0
208 1059 0
208 1105 0
209 84 1
210 85 1
210 128 1
210 130 1
210 177 1
210 183 1
210 263 1
210 298 0
210 339 0
210 399 0
210 545 0
210 588 0
210 837 0
210 914 0
210 951 0
210 952 0
210 953 0
210 954 0
210 955 0
210 1014 1
210 1015 1
210 1289 0
211 85 0
211 128 0
211 130 0
211 177 0
211 183 1
211 263 0
211 298 0
211 339 0
211 399 0
211 545 0
211 588 0
211 837 0
211 914 0
211 951 0
211 952 0
211 953 0
211 954 0
211 955 0
211 1014 0
211 1015 1
211 1289 1
212 85 0
212 339 0
213 85 0
213 258 0
213 262 0
213 316 1
213 339 1
213 375 1
213 442 1
213 488 1
213 495 0
213 498 0
213 559 0
213 811 0
213 858 0
213 882 1
213 898 0
213 940 0
213 941 0
213 942 0
213 943 0
214 85 0
214 339 0
214 587 0
214 774 0
214 823 0
214 883 0
214 914 0
214 1289 1
215 85 1
216 85 1
216 914 1
216 1289 0
217 85 0
218 85 1
218 99 0
218 198 0
218 774 0
218 795 0
218 828 0
219 85 0
220 85 0
220 339 1
220 774 0
221 216 0
221 622 0
221 695 0
221 707 0
221 873 0
222 86 0
222 94 0
222 99 1
222 135 1
222 156 0
222 190 0
222 197 0
222 199 0
222 203 0
222 205 0
222 219 0
222 229 0
222 236 0
222 240 0
222 265 0
222 269 1
222 276 1
222 294 1
222 297 1
222 326 1
222 334 0
222 340 0
222 354 0
222 379 0
222 415 0
222 483 0
222 492 0
222 496 1
222 508 0
222 524 1
222 534 1
222 539 1
222 558 1
222 577 1
222 653 1
222 691 0
222 733 0
222 749 0
222 755 0
222 769 0
222 815 0
222 821 1
222 880 0
222 882 0
222 886 0
222 892 1
222 893 0
222 941 0
222 942 0
222 981 0
222 986 0
222 1038 0
222 1058 0
222 1113 0
222 1192 0
222 1195 0
222 1265 0
222 1310 0
223 86 0
223 99 0
223 105 0
223 115 0
223 134 0
223 135 0
223 156 0
223 190 0
223 197 0
223 199 0
223 203 0
223 215 0
223 219 0
223 221 0
223 229 0
223 236 0
223 240 0
223 243 0
223 258 0
223 265 0
223 269 0
223 276 0
223 294 0
223 297 0
223 326 0
223 334 0
223 335 0
223 340 0
223 354 0
223 357 0
223 379 0
223 415 0
223 451 0
223 483 0
223 492 1
223 508 1
223 524 1
223 528 1
223 534 1
223 536 1
223 539 1
223 553 1
223 554 1
223 558 1
223 559 1
223 577 1
223 610 1
223 633 1
223 653 1
223 659 1
223 661 1
223 686 0
223 691 0
223 733 0
223 749 0
223 755 0
223 769 0
223 815 0
223 819 0
223 821 0
223 838 0
223 880 0
223 886 0
223 887 0
223 892 0
223 893 0
223 981 0
223 986 0
223 1038 0
223 1113 0
223 1192 0
223 1265 0
223 1310 0
224 87 0
224 90 0
224 121 0
224 123 0
224 128 0
224 130 0
224 150 0
224 167 0
224 177 0
224 183 0
224 211 0
224 225 0
224 251 1
224 253 0
224 298 0
224 310 0
224 420 0
224 443 0
224 514 0
224 545 0
224 551 0
224 565 0
224 573 0
224 583 0
224 625 1
224 725 1
224 742 1
224 754 1
224 788 1
224 826 1
224 849 1
224 863 1
224 871 0
224 890 0
224 1002 0
224 1035 0
224 1036 1
224 1062 0
225 251 0
225 420 0
225 573 0
225 841 1
225 857 0
225 1021 0
225 1034 0
226 88 0
226 95 1
226 116 1
226 144 0
226 200 0
226 223 1
226 227 1
226 247 1
226 320 1
226 343 1
226 378 0
226 398 1
226 408 0
226 449 0
226 582 1
226 591 1
226 602 0
226 673 0
226 703 0
226 751 0
226 783 0
226 797 0
226 812 1
226 852 1
226 861 0
226 868 0
226 870 0
226 926 0
226 928 0
226 929 0
226 931 0
226 959 0
226 984 0
226 1031 0
226 1117 1
226 1162 0
226 1165 0
226 1229 0
226 1230 0
227 89 0
228 89 0
228 1257 0
229 89 1
229 1257 1
230 89 1
230 1257 1
231 89 1
232 92 1
232 513 0
232 535 0
232 554 1
232 635 1
232 734 1
232 835 1
232 900 0
232 959 1
232 1006 1
232 1012 1
232 1029 0
232 1059 0
232 1105 0
233 93 0
233 132 0
233 138 0
233 156 0
233 157 0
233 232 0
233 308 0
233 346 1
233 349 0
233 374 1
233 458 1
233 504 0
233 511 0
233 515 0
233 533 0
233 604 0
233 633 0
233 634 0
233 635 0
233 732 0
233 746 0
233 844 0
233 854 0
233 884 0
233 936 0
233 947 0
233 995 1
233 997 1
234 94 0
234 170 0
234 188 0
234 194 0
234 198 0
234 291 0
234 327 0
234 333 0
234 339 0
234 407 0
234 434 0
234 438 0
234 475 0
234 478 0
234 552 0
234 562 0
234 578 0
234 585 1
234 592 0
234 627 0
234 638 1
234 644 1
234 670 1
234 766 1
234 845 1
234 851 0
234 867 0
234 883 0
234 999 0
234 1004 0
234 1007 0
234 1008 0
234 1011 0
234 1016 1
234 1018 1
234 1022 1
234 1025 0
234 1027 0
234 1156 1
234 1169 1
234 1207 1
234 1214 1
234 1301 0
235 94 0
235 135 0
235 136 0
235 137 0
235 146 0
235 199 0
235 219 1
235 224 1
235 256 0
235 265 1
235 276 0
235 294 1
235 354 1
235 357 0
235 381 0
235 391 0
235 441 0
235 470 0
235 482 0
235 493 0
235 500 0
235 534 0
235 554 0
235 764 1
235 815 1
235 820 1
235 848 1
235 850 0
235 859 1
235 880 0
235 892 0
235 893 1
235 896 0
235 911 0
235 971 0
235 981 1
235 1009 0
235 1149 0
235 1150 0
235 1162 0
235 1176 0
235 1286 0
236 94 0
236 170 0
236 188 0
236 190 0
236 194 0
236 224 0
236 246 0
236 327 0
236 339 0
236 407 0
236 434 1
236 438 0
236 475 1
236 562 1
236 572 1
236 578 1
236 585 1
236 592 1
236 627 0
236 644 0
236 845 1
236 867 1
236 877 1
236 1004 1
236 1008 0
236 1016 1
236 1018 1
236 1022 1
236 1025 1
236 1027 1
236 1150 1
236 1169 1
236 1207 1
236 1214 0
237 94 0
237 170 0
237 188 0
237 190 0
237 194 0
237 198 0
237 327 0
237 339 0
237 407 0
237 434 0
237 475 0
237 478 0
237 562 0
237 578 0
237 585 0
237 592 1
237 627 1
237 644 1
237 670 1
237 766 1
237 845 1
237 851 1
237 1004 1
237 1007 1
237 1008 1
237 1016 1
237 1018 1
237 1022 1
237 1025 1
237 1027 1
237 1169 1
237 1207 1
238 94 1
238 99 1
238 738 0
238 1017 0
239 95 0
239 116 0
239 144 1
239 223 1
239 227 1
239 247 0
239 287 0
239 320 1
239 343 1
239 378 1
239 398 1
239 408 1
239 449 1
239 564 1
239 582 1
239 591 1
239 602 1
239 603 1
239 607 1
239 657 1
239 673 1
239 688 1
239 703 1
239 751 1
239 783 1
239 812 1
239 821 0
239 852 0
239 861 0
239 868 0
239 870 0
239 915 0
239 926 0
239 928 0
239 929 1
239 959 1
239 962 1
239 984 1
239 985 1
239 1031 1
239 1117 1
239 1136 1
239 1162 1
239 1165 1
239 1229 1
239 1230 1
239 1314 1
240 96 1
241 96 1
241 140 1
242 96 1
243 97 0
244 97 0
244 369 0
245 101 0
245 152 0
245 179 0
245 205 0
245 293 0
245 294 0
245 320 0
245 392 0
245 403 0
245 427 0
245 444 0
245 457 1
245 634 1
245 781 0
245 791 0
245 797 0
245 812 0
245 829 0
245 844 0
245 874 1
245 1149 1
246 708 1
246 832 1
247 98 1
247 153 1
247 428 1
247 437 1
247 555 1
247 699 1
247 879 1
247 932 1
247 989 1
248 98 1
248 153 1
248 217 0
248 428 0
248 437 0
248 555 0
248 932 0
248 989 0
248 1161 0
249 875 0
249 1104 0
250 98 0
251 99 1
251 135 0
251 156 0
251 190 0
251 197 0
251 199 0
251 203 0
251 219 0
251 229 0
251 236 0
251 240 0
251 243 0
251 258 0
251 265 1
251 269 1
251 276 1
251 294 1
251 297 0
251 316 0
251 326 0
251 334 0
251 335 0
251 340 0
251 354 0
251 379 0
251 415 0
251 483 0
251 492 0
251 495 0
251 508 0
251 524 1
251 534 0
251 539 1
251 553 0
251 558 0
251 577 0
251 633 0
251 653 1
251 718 0
251 733 0
251 749 1
251 755 1
251 769 0
251 811 0
251 815 0
251 819 0
251 821 0
251 880 0
251 886 0
251 892 0
251 893 0
251 940 0
251 941 0
251 942 0
251 981 1
251 986 0
251 1038 0
251 1192 0
251 1224 1
251 1265 0
251 1310 1
252 100 1
252 153 0
252 555 0
252 567 1
252 598 0
252 683 0
252 1164 0
252 1166 0
253 100 0
254 100 0
255 101 0
255 1116 0
256 101 0
257 959 0
257 1006 0
257 1029 0
258 104 0
258 228 0
258 519 0
258 894 0
258 1158 0
258 1237 1
259 106 1
259 295 1
259 344 0
259 516 1
259 549 0
259 648 1
260 106 1
260 295 1
260 344 1
260 549 0
260 648 0
260 1132 0
261 106 0
261 178 0
261 295 0
261 344 0
261 516 0
261 648 1
262 106 0
262 178 0
262 295 0
262 344 0
262 516 0
262 549 0
262 648 0
263 106 0
263 295 0
263 344 0
263 549 1
263 648 1
263 1132 1
264 178 0
264 295 0
264 344 0
264 648 0
265 107 0
265 135 0
265 173 0
265 190 0
265 199 0
265 208 0
265 219 0
265 223 0
265 247 0
265 265 0
265 287 0
265 288 0
265 293 0
265 294 0
265 312 0
265 354 0
265 357 0
265 382 0
265 392 0
265 406 0
265 415 0
265 441 0
265 449 0
265 457 0
265 467 0
265 470 0
265 472 0
265 476 0
265 490 0
265 493 0
265 500 0
265 534 1
265 548 1
265 575 0
265 591 0
265 601 0
265 610 0
265 647 0
265 654 0
265 677 0
265 812 0
265 815 0
265 820 0
265 829 0
265 838 0
265 848 0
265 859 0
265 880 0
265 892 0
265 904 0
265 911 0
265 929 0
265 981 0
265 1012 0
265 1030 0
265 1048 0
265 1055 0
265 1057 0
265 1116 0
265 1133 0
265 1157 0
265 1162 0
265 1165 0
265 1186 0
265 1193 0
265 1194 0
265 1197 0
266 107 0
266 135 0
266 173 0
266 190 0
266 199 0
266 208 1
266 219 1
266 223 1
266 265 1
266 293 1
266 294 1
266 312 1
266 354 0
266 382 0
266 392 0
266 415 1
266 449 0
266 457 0
266 470 0
266 476 0
266 490 0
266 493 0
266 500 0
266 507 0
266 534 1
266 647 0
266 654 1
266 812 1
266 815 1
266 829 1
266 848 1
266 859 1
266 880 1
266 892 0
266 906 0
266 911 0
266 981 1
266 1028 1
266 1030 1
266 1044 1
266 1048 1
266 1055 1
266 1116 1
266 1157 1
266 1165 1
266 1186 1
267 107 1
267 173 1
267 190 1
267 208 1
267 223 1
267 265 1
267 293 1
267 294 1
267 354 0
267 382 0
267 392 0
267 415 0
267 449 1
267 470 1
267 476 0
267 534 0
267 647 0
267 654 0
267 812 1
267 815 0
267 829 0
267 848 0
267 859 0
267 880 0
267 981 0
267 1157 0
267 1165 0
267 1186 0
268 108 0
268 1085 0
269 109 0
269 202 0
269 286 0
269 502 0
269 805 1
270 110 0
270 124 1
270 181 0
270 351 0
270 469 0
270 531 0
270 617 1
270 629 1
270 720 1
270 938 0
270 1081 0
271 134 1
271 135 1
271 159 1
271 190 1
271 199 0
271 204 0
271 205 0
271 215 0
271 219 0
271 221 0
271 224 0
271 254 0
271 265 0
271 271 0
271 276 0
271 292 0
271 294 0
271 312 0
271 354 0
271 357 1
271 368 1
271 376 0
271 427 0
271 441 0
271 448 1
271 486 1
271 493 1
271 500 1
271 503 1
271 509 1
271 512 1
271 524 1
271 525 1
271 534 1
271 544 1
271 548 1
271 577 1
271 628 1
271 643 1
271 653 1
271 667 1
271 679 1
271 681 1
271 690 1
271 755 1
271 757 1
271 760 1
271 768 0
271 787 0
271 793 0
271 815 0
271 818 0
271 821 0
271 836 0
271 838 0
271 839 0
271 880 0
271 891 0
271 892 0
271 893 0
271 899 0
271 911 0
271 981 1
271 1049 1
271 1052 1
271 1053 0
271 1057 0
271 1107 1
271 1111 1
271 1124 1
271 1129 0
271 1133 1
271 1150 1
271 1162 1
271 1184 1
271 1188 1
271 1210 1
271 1222 1
271 1223 1
271 1224 1
271 1225 1
271 1283 1
271 1287 1
272 112 1
272 135 1
272 137 1
272 146 1
272 185 1
272 189 1
272 199 1
272 219 1
272 391 1
272 450 1
272 470 0
272 482 0
272 500 1
272 642 0
272 668 1
272 669 1
272 701 0
272 848 0
272 859 0
272 892 0
272 911 0
272 971 1
273 112 1
273 135 1
273 137 1
273 146 1
273 185 1
273 189 0
273 199 0
273 219 0
273 357 0
273 391 0
273 450 0
273 470 0
273 482 1
273 642 1
273 668 1
273 669 1
273 701 1
273 848 1
273 859 1
273 892 1
273 958 0
273 971 1
273 1162 1
274 112 0
274 185 0
274 450 0
274 470 0
274 668 0
274 669 1
275 112 0
275 135 1
275 136 1
275 137 0
275 146 0
275 185 0
275 190 1
275 199 0
275 219 0
275 294 0
275 312 0
275 321 0
275 354 0
275 357 1
275 391 0
275 441 0
275 450 1
275 470 0
275 482 0
275 493 0
275 500 0
275 602 0
275 668 0
275 673 0
275 815 0
275 820 0
275 848 0
275 859 0
275 880 0
275 911 1
275 958 0
275 971 0
275 1048 0
275 1050 0
275 1051 0
275 1054 0
275 1055 0
275 1133 0
275 1141 1
275 1150 0
275 1162 1
275 1182 1
275 1232 0
275 1236 1
276 112 1
276 135 1
276 199 1
276 219 1
276 892 1
277 112 1
277 136 1
277 137 1
277 146 1
277 189 1
277 199 1
277 335 1
277 357 1
277 381 1
277 391 1
277 482 1
277 554 1
277 764 1
277 815 1
277 848 1
277 859 1
277 893 1
277 896 0
277 971 1
277 1009 1
277 1162 1
278 112 1
278 135 1
278 136 1
278 137 0
278 190 0
278 199 0
278 219 0
278 294 1
278 357 1
278 512 1
278 653 1
278 859 0
278 880 0
278 892 0
278 1133 0
278 1150 0
278 1162 0
278 1171 0
278 1236 0
279 113 0
279 354 0
279 357 0
279 653 0
279 742 0
280 113 0
280 117 0
280 212 0
280 261 0
280 581 0
280 715 0
280 801 0
280 1244 0
281 114 0
281 152 0
281 233 0
281 238 0
281 284 0
281 285 0
281 302 0
281 319 0
281 353 0
281 461 0
281 468 0
281 530 0
281 685 0
281 700 0
281 748 0
281 813 0
281 830 0
281 840 0
281 842 0
281 862 0
281 866 0
281 1101 0
281 1135 0
281 1299 1
282 117 1
282 179 0
282 444 1
282 645 1
282 798 0
282 822 0
283 153 1
283 879 1
283 932 1
283 1073 1
284 121 1
285 121 1
285 141 1
285 303 0
285 791 0
285 826 0
286 121 0
286 190 0
286 514 0
286 725 0
286 794 0
286 849 0
286 890 0
286 1180 1
287 121 0
287 514 0
287 725 1
287 849 0
287 890 1
287 964 1
288 122 0
288 444 0
288 578 0
288 897 0
289 123 0
289 130 0
289 150 0
289 167 0
289 177 1
289 183 1
289 225 1
289 251 1
289 263 1
289 270 1
289 298 0
289 301 0
289 309 1
289 357 1
289 359 1
289 399 0
289 460 0
289 465 0
289 514 0
289 545 0
289 551 0
289 573 0
289 579 0
289 583 0
289 588 0
289 625 0
289 626 0
289 675 1
289 725 1
289 788 1
289 822 1
289 837 1
289 857 0
289 863 0
289 871 0
289 890 0
289 945 0
289 947 1
289 951 0
289 952 0
289 953 0
289 954 0
289 955 0
289 967 0
289 1002 0
289 1014 0
289 1015 0
289 1023 0
289 1024 0
289 1026 0
289 1034 1
289 1035 0
289 1036 0
289 1039 0
289 1040 0
290 123 0
290 130 0
290 177 0
290 183 1
290 225 1
290 251 1
290 263 1
290 270 1
290 298 1
290 359 1
290 399 1
290 460 1
290 465 1
290 545 1
290 551 1
290 573 1
290 583 1
290 588 0
290 625 0
290 857 1
290 871 0
290 947 0
290 951 1
290 952 1
290 953 1
290 954 1
290 955 0
290 1014 0
290 1015 0
290 1021 0
290 1023 0
290 1024 0
290 1026 0
290 1035 0
290 1036 0
290 1039 0
290 1040 1
291 123 1
291 130 0
291 177 0
291 183 0
291 225 1
291 251 1
291 263 0
291 270 0
291 298 0
291 359 0
291 399 1
291 460 1
291 465 1
291 545 1
291 551 1
291 573 1
291 583 1
291 588 0
291 625 0
291 857 0
291 871 0
291 951 0
291 952 0
291 953 0
291 954 0
291 955 1
291 1014 0
291 1015 0
291 1021 0
291 1023 0
291 1024 1
291 1026 1
291 1035 0
291 1036 0
291 1039 0
291 1040 0
292 123 0
292 130 0
292 177 1
292 183 1
292 225 0
292 263 0
292 298 0
292 399 0
292 460 0
292 465 0
292 545 0
292 583 0
292 588 0
292 625 0
292 951 0
292 952 1
292 953 1
292 954 0
292 955 0
292 1014 1
292 1015 0
292 1021 0
292 1023 0
292 1040 0
293 123 0
293 130 0
293 177 0
293 183 0
293 225 0
293 251 0
293 263 0
293 298 0
293 359 1
293 399 1
293 460 1
293 465 0
293 545 0
293 551 0
293 573 0
293 583 0
293 588 1
293 625 1
293 857 0
293 863 0
293 871 0
293 951 0
293 952 0
293 953 0
293 954 0
293 955 0
293 1014 0
293 1015 0
293 1021 0
293 1023 0
293 1024 0
293 1026 0
293 1035 0
293 1036 0
293 1039 0
293 1040 1
294 123 1
294 130 1
294 177 0
294 183 1
294 225 0
294 263 0
294 298 0
294 399 0
294 460 0
294 465 0
294 545 0
294 583 0
294 588 0
294 625 0
294 951 0
294 952 0
294 953 0
294 954 0
294 955 0
294 1014 0
294 1015 0
294 1021 0
294 1023 0
294 1040 0
295 123 0
295 273 0
295 359 0
295 460 1
295 465 0
295 551 0
295 573 0
295 583 0
295 625 0
295 871 0
295 1005 0
295 1023 0
295 1024 0
295 1026 1
295 1034 0
295 1035 0
295 1036 1
295 1039 1
295 1040 1
296 123 1
296 359 1
296 460 0
296 465 0
296 551 0
296 565 0
296 573 0
296 583 0
296 625 1
296 871 0
296 967 0
296 1023 0
296 1024 0
296 1026 0
296 1035 0
296 1039 0
296 1040 0
296 1201 0
297 123 0
297 359 0
297 394 0
297 401 0
297 460 0
297 465 0
297 551 0
297 565 0
297 573 0
297 583 0
297 625 0
297 871 1
297 1023 1
297 1024 1
297 1026 1
297 1035 1
297 1036 1
297 1039 1
297 1040 0
297 1201 0
298 123 1
298 359 1
298 460 1
298 465 0
298 551 1
298 573 0
298 583 1
298 625 0
298 871 0
298 1023 0
298 1024 0
298 1026 0
298 1034 0
298 1035 0
298 1036 0
298 1039 0
298 1040 1
299 123 0
299 359 0
299 460 0
299 465 1
299 551 0
299 573 0
299 583 0
299 625 0
299 863 1
299 871 0
299 967 0
299 1023 0
299 1024 0
299 1026 0
299 1035 0
299 1036 0
299 1039 0
299 1040 0
300 123 1
300 359 1
300 460 1
300 465 0
300 551 0
300 573 0
300 583 0
300 625 1
300 871 1
300 1023 1
300 1024 0
300 1026 0
300 1035 1
300 1036 1
300 1039 1
300 1040 1
301 123 1
301 359 1
301 460 0
301 465 0
301 551 0
301 573 0
301 583 0
301 625 0
301 871 0
301 1023 0
301 1024 0
301 1026 0
301 1034 1
301 1035 0
301 1036 0
301 1039 0
301 1040 0
302 123 0
302 359 0
302 460 0
302 465 0
302 551 1
302 573 1
302 583 1
302 625 0
302 871 0
302 1023 0
302 1024 0
302 1026 0
302 1034 0
302 1035 0
302 1036 0
302 1039 0
302 1040 0
303 123 1
303 359 1
303 460 0
303 465 0
303 551 0
303 573 1
303 583 0
303 625 0
303 871 0
303 1023 0
303 1024 0
303 1026 0
303 1035 0
303 1036 0
303 1039 0
303 1040 0
304 123 0
304 301 0
304 359 0
304 460 0
304 465 0
304 551 0
304 573 0
304 583 0
304 625 0
304 871 0
304 1023 0
304 1024 0
304 1026 0
304 1035 0
304 1036 0
304 1039 0
304 1040 0
305 123 0
305 359 0
305 460 0
305 465 0
305 551 0
305 573 0
305 583 0
305 625 0
305 871 1
305 1023 0
305 1024 0
305 1026 0
305 1035 0
305 1036 0
305 1039 0
305 1040 0
306 123 0
306 359 0
306 460 0
306 465 0
306 551 1
306 573 0
306 583 1
306 625 0
306 871 0
306 1023 0
306 1024 1
306 1026 0
306 1035 0
306 1036 0
306 1039 0
306 1040 0
307 123 0
307 460 0
307 465 0
307 573 0
307 583 0
307 625 0
307 1023 0
307 1040 0
308 124 0
308 182 0
308 234 0
308 268 0
308 278 0
308 372 0
308 405 0
308 474 0
308 531 0
308 566 0
308 605 0
308 613 0
308 635 0
308 702 0
308 720 0
308 728 0
308 798 0
308 817 0
308 853 0
308 938 0
308 1245 0
309 124 0
309 150 0
309 182 0
309 278 1
309 372 1
309 405 0
309 474 0
309 531 0
309 566 0
309 605 0
309 613 0
309 635 0
309 702 0
309 720 0
309 728 0
309 798 0
309 817 0
309 853 0
309 938 0
309 1245 0
310 124 0
310 150 0
310 182 0
310 278 0
310 372 0
310 405 0
310 474 0
310 531 0
310 566 0
310 605 0
310 613 0
310 635 0
310 702 0
310 720 0
310 817 1
310 853 0
310 1245 0
311 125 0
311 133 0
311 546 0
311 1151 0
312 127 0
312 142 0
312 153 0
312 645 0
312 831 1
312 879 0
312 932 0
312 996 0
312 1123 0
312 1140 1
312 1233 0
313 131 0
313 282 0
313 423 0
313 706 0
313 758 0
314 131 0
314 1138 0
315 131 0
316 131 0
316 423 0
316 758 0
316 920 0
317 131 0
318 131 0
319 131 1
320 131 1
321 131 1
322 132 1
322 157 1
322 635 0
323 133 0
323 546 1
323 698 0
323 833 0
323 1151 0
324 352 0
324 752 0
325 135 0
325 136 0
325 137 0
325 146 0
325 190 0
325 199 0
325 219 0
325 224 1
325 256 0
325 265 0
325 276 0
325 294 0
325 312 0
325 354 0
325 357 0
325 391 0
325 403 0
325 441 0
325 457 1
325 470 0
325 482 0
325 493 0
325 500 0
325 512 0
325 534 0
325 554 0
325 610 0
325 646 0
325 652 0
325 755 0
325 764 0
325 815 0
325 820 0
325 821 0
325 848 0
325 859 1
325 880 1
325 892 1
325 893 1
325 896 1
325 911 1
325 971 1
325 981 1
325 1006 1
325 1009 1
325 1048 1
325 1051 1
325 1054 1
325 1055 1
325 1056 1
325 1057 1
325 1112 1
325 1133 1
325 1149 0
325 1150 1
325 1162 1
325 1171 1
325 1232 0
325 1236 0
325 1280 1
325 1287 1
326 135 0
326 137 1
326 146 1
326 199 0
326 214 0
326 219 0
326 226 0
326 247 0
326 256 0
326 265 1
326 312 0
326 332 0
326 335 0
326 357 0
326 391 0
326 416 1
326 457 1
326 482 1
326 500 1
326 534 1
326 550 0
326 554 0
326 589 0
326 610 1
326 693 1
326 735 1
326 750 1
326 848 1
326 859 1
326 880 1
326 889 1
326 893 1
326 911 0
326 981 1
326 1044 1
326 1048 1
326 1054 1
326 1055 0
326 1056 1
326 1057 1
326 1133 1
326 1141 0
326 1162 1
327 135 0
327 137 0
327 146 0
327 199 1
327 391 0
327 482 0
327 550 0
327 693 0
327 735 0
327 848 0
327 859 0
327 880 1
327 889 0
327 981 0
327 1057 0
327 1141 0
328 135 0
328 137 0
328 146 0
328 199 0
328 219 0
328 242 1
328 257 1
328 260 1
328 332 1
328 357 1
328 391 1
328 482 1
328 500 1
328 693 1
328 781 1
328 846 1
328 848 1
328 859 1
328 880 1
328 889 1
328 893 1
328 911 1
328 971 0
328 981 0
328 1133 0
328 1141 0
328 1162 0
328 1171 0
328 1286 1
329 135 0
329 137 1
329 146 1
329 199 0
329 219 0
329 226 0
329 257 0
329 260 0
329 265 1
329 357 0
329 391 0
329 482 0
329 500 0
329 534 0
329 693 0
329 848 0
329 859 0
329 880 0
329 889 0
329 911 0
329 981 0
329 1133 0
329 1141 0
329 1162 0
330 135 0
330 198 0
330 199 0
330 219 0
330 224 0
330 230 0
330 357 0
330 403 0
330 488 0
330 495 1
330 518 0
330 618 0
330 630 0
330 680 1
330 738 0
330 828 1
330 858 0
330 887 0
330 892 0
331 135 0
331 190 0
331 199 0
331 219 1
331 357 1
331 892 1
331 1133 0
331 1149 1
331 1162 1
332 135 1
332 137 1
332 146 1
332 189 1
332 190 1
332 199 1
332 219 0
332 223 1
332 224 1
332 247 1
332 260 0
332 287 1
332 317 0
332 357 0
332 382 0
332 421 0
332 424 0
332 441 0
332 449 0
332 467 0
332 470 0
332 471 0
332 482 0
332 493 0
332 500 0
332 548 0
332 550 0
332 591 0
332 601 0
332 647 0
332 654 0
332 677 0
332 717 0
332 812 0
332 815 0
332 820 0
332 848 0
332 859 0
332 880 0
332 892 0
332 911 0
332 959 0
332 971 0
332 981 0
332 1012 1
332 1029 1
332 1044 1
332 1057 1
332 1134 0
332 1150 0
332 1162 0
332 1165 0
332 1186 0
332 1197 0
333 135 0
333 137 0
333 146 0
333 167 0
333 199 0
333 219 0
333 223 0
333 317 0
333 382 1
333 449 0
333 470 0
333 471 0
333 482 0
333 550 0
333 647 0
333 677 1
333 812 0
333 815 1
333 848 0
333 859 0
333 880 0
333 892 0
333 911 0
333 959 0
333 971 0
333 981 0
333 1029 0
333 1141 1
333 1150 0
333 1162 0
333 1165 0
333 1186 0
334 135 0
334 137 0
334 146 1
334 199 0
334 219 0
334 223 0
334 317 0
334 382 0
334 449 0
334 471 0
334 482 0
334 500 1
334 550 0
334 647 0
334 654 0
334 812 0
334 815 0
334 848 0
334 859 1
334 880 1
334 892 1
334 911 1
334 959 1
334 971 0
334 981 0
334 1029 1
334 1133 1
334 1150 1
334 1162 1
334 1165 1
334 1186 1
334 1236 0
334 1244 0
335 135 0
335 190 1
335 199 0
335 203 0
335 219 0
335 229 1
335 240 1
335 265 1
335 269 1
335 294 1
335 326 0
335 354 1
335 379 1
335 415 0
335 483 0
335 492 0
335 508 0
335 524 0
335 534 0
335 539 0
335 558 0
335 577 1
335 653 0
335 733 0
335 755 1
335 815 1
335 821 1
335 880 0
335 892 0
335 893 0
335 981 0
335 1038 0
335 1058 0
335 1192 0
335 1265 0
335 1310 0
336 135 0
336 190 0
336 199 0
336 203 0
336 219 0
336 229 0
336 265 0
336 294 0
336 326 0
336 354 1
336 379 0
336 415 0
336 483 0
336 492 1
336 508 1
336 524 0
336 534 0
336 539 0
336 577 0
336 653 0
336 733 0
336 755 0
336 815 0
336 821 0
336 880 1
336 892 1
336 893 1
336 981 1
336 1038 1
336 1192 1
336 1265 0
336 1310 0
337 137 0
337 199 0
337 470 1
337 693 1
338 137 1
339 137 1
340 138 1
340 150 1
340 635 0
340 799 0
340 1003 0
340 1116 0
340 1130 1
341 140 1
341 147 1
341 162 1
341 169 1
341 175 1
341 246 0
341 314 0
341 402 0
341 440 0
341 537 1
341 570 1
341 619 1
341 665 1
341 671 1
341 684 1
341 752 0
341 845 0
341 847 0
341 855 0
341 957 1
341 983 1
341 998 1
341 1098 1
341 1099 1
341 1100 1
342 140 1
342 314 0
342 537 0
342 1062 0
342 1092 1
342 1098 0
342 1099 0
343 145 0
344 148 0
344 179 0
344 234 0
344 244 0
344 250 1
344 376 0
344 415 1
344 444 0
344 722 1
344 744 1
344 794 1
344 970 1
344 1198 0
344 1209 0
345 148 1
345 179 1
345 234 1
345 250 0
345 415 1
345 699 1
345 722 1
345 744 1
345 794 1
345 1108 1
345 1198 0
346 148 0
346 234 0
346 244 1
346 250 0
346 415 0
346 444 0
346 722 0
346 744 0
346 794 0
346 970 1
346 1198 1
347 148 0
347 376 0
347 635 0
347 722 0
347 744 0
347 794 0
347 797 0
347 897 0
347 970 0
347 1111 0
348 148 0
348 699 0
348 722 0
348 744 0
348 797 0
348 897 1
349 148 0
349 234 0
349 244 0
349 250 0
349 376 0
349 415 0
349 444 1
349 722 1
349 744 1
349 794 0
349 970 0
349 1198 1
350 148 0
350 234 0
350 244 0
350 250 0
350 376 0
350 444 0
350 722 0
350 744 0
350 794 0
350 970 0
350 1198 0
351 149 0
351 190 0
351 199 0
351 331 0
351 387 0
351 448 0
351 512 0
351 548 0
351 599 0
351 649 0
351 659 0
351 815 0
351 1162 0
351 1227 0
351 1228 0
352 153 0
352 428 0
352 571 0
353 153 0
353 437 0
353 555 0
353 571 1
353 643 0
353 683 0
353 772 1
353 932 1
353 1061 1
353 1140 0
353 1209 0
353 1233 1
354 155 1
354 289 1
354 336 1
354 1032 1
355 155 0
355 289 0
355 336 0
355 1032 1
356 156 0
356 190 0
356 294 0
356 1180 0
357 156 0
357 190 0
357 294 0
357 1180 0
358 157 1
358 171 0
358 172 0
358 308 0
358 346 0
358 433 0
358 488 0
358 556 0
358 620 0
358 633 1
358 674 1
358 704 1
358 770 0
358 828 0
358 836 1
359 158 1
359 249 1
359 422 0
359 479 1
359 616 1
360 158 1
360 249 1
360 422 1
360 479 0
360 487 0
360 616 0
360 762 0
360 809 0
361 160 0
361 322 0
361 1122 1
362 160 1
363 160 1
363 322 1
364 160 1
364 508 1
365 163 0
365 439 0
365 631 0
365 827 0
365 1238 1
366 164 1
366 505 1
366 888 0
367 165 1
367 183 0
367 263 0
367 837 0
367 1062 0
367 1127 0
367 1207 1
368 166 1
369 166 1
370 168 0
370 274 0
370 281 0
370 282 0
370 430 1
370 436 1
370 782 1
370 1219 1
371 169 1
371 175 1
371 213 0
371 231 0
371 246 0
371 266 0
371 390 1
371 402 1
371 485 1
371 570 1
371 576 1
371 671 1
371 974 1
371 983 1
371 998 1
371 1199 1
372 272 1
372 527 0
372 631 0
372 641 0
372 772 0
373 179 0
373 244 0
373 444 0
373 970 1
374 179 1
374 206 1
374 347 1
374 744 1
374 1112 1
375 179 1
375 634 1
375 947 1
376 179 1
376 634 1
377 179 1
377 293 1
377 392 0
377 791 0
377 829 0
378 179 1
378 293 1
378 392 1
378 791 1
378 829 1
379 180 1
379 885 1
379 973 1
380 182 1
380 474 1
380 566 1
380 635 1
380 817 1
380 1245 1
381 184 1
382 190 1
382 412 1
382 1264 1
383 190 1
384 190 1
385 199 1
385 219 1
385 448 1
386 190 1
386 257 1
386 339 1
386 438 1
386 1062 1
386 1286 1
387 193 1
387 494 1
387 615 1
387 1046 1
387 1047 1
388 195 1
388 388 1
388 967 1
388 1104 1
389 195 1
390 404 1
391 195 1
391 426 1
391 736 1
391 895 1
391 972 1
391 1062 1
391 1276 1
392 199 1
392 1162 1
393 201 1
393 612 1
393 1037 1
393 1170 1
394 201 1
394 600 1
395 209 1
395 376 1
395 395 1
395 444 1
395 635 1
395 970 0
395 1111 1
395 1137 0
396 210 0
397 278 0
397 705 0
397 791 0
397 826 1
398 216 0
399 217 0
399 621 0
400 218 0
400 355 1
400 842 1
400 973 1
401 482 0
401 575 1
402 220 1
403 220 0
403 462 0
404 220 1
405 220 1
406 220 1
407 222 1
407 803 1
407 872 1
408 222 1
408 266 1
408 329 1
408 414 1
408 417 1
408 446 1
408 463 1
408 595 1
408 689 1
408 804 1
408 847 1
408 974 1
408 983 1
408 992 1
408 1013 1
408 1020 1
408 1109 1
408 1196 1
408 1226 1
408 1266 1
409 223 1
409 378 1
409 449 1
409 751 1
409 783 1
409 926 1
409 959 1
409 984 1
409 1165 1
409 1230 1
409 1261 1
410 357 1
410 398 1
410 653 1
410 742 1
410 821 1
410 1150 0
411 224 0
411 448 0
411 1188 0
412 228 0
412 772 0
412 827 1
412 894 1
413 232 1
413 244 1
413 329 1
413 761 1
413 779 1
413 982 1
414 468 1
414 530 1
415 234 1
415 444 1
415 699 1
415 860 1
415 1244 1
416 234 1
416 1198 1
417 234 1
418 821 1
419 237 1
419 396 1
420 237 1
420 396 1
421 237 1
421 396 1
422 237 1
422 396 1
423 241 1
423 363 1
423 522 1
424 337 1
424 629 1
424 720 1
424 763 1
424 776 1
424 825 0
424 897 0
424 975 0
425 244 0
425 376 0
425 444 0
425 970 0
426 244 0
426 444 0
426 970 1
427 244 1
427 444 1
427 970 0
428 244 0
428 246 0
428 266 0
428 390 0
428 463 0
428 473 0
428 722 0
428 810 0
428 974 0
429 248 0
429 1254 0
429 1264 0
429 1274 0
430 248 0
430 1264 0
430 1274 0
431 248 0
431 912 0
431 1179 0
431 1264 0
431 1312 0
431 1313 0
432 248 0
432 1175 0
432 1179 0
432 1250 0
432 1264 0
432 1268 0
432 1312 0
432 1313 0
433 248 0
433 1268 0
433 1313 0
434 248 0
434 412 0
434 905 0
434 912 0
434 1119 0
434 1175 0
434 1264 0
434 1268 0
434 1312 1
435 248 0
435 1250 1
435 1264 1
435 1268 1
436 248 1
436 912 1
436 1175 0
436 1179 0
436 1264 0
436 1312 0
436 1313 0
437 249 0
438 252 0
439 255 0
439 377 0
439 790 0
439 881 0
439 1168 0
439 1211 0
439 1220 0
439 1234 0
440 255 0
440 1168 0
441 1142 0
441 1264 0
441 1268 1
442 264 1
442 1296 0
443 266 0
444 266 0
445 266 0
446 277 0
446 719 0
447 278 0
447 345 0
447 372 0
447 613 0
447 702 0
447 937 0
447 938 0
448 279 0
448 1088 0
449 282 0
450 285 0
451 290 0
451 1217 0
452 357 1
453 305 0
453 318 0
453 1152 0
454 305 0
454 318 0
455 306 0
455 362 1
455 389 1
455 484 1
455 988 1
456 346 1
456 416 1
456 575 0
456 578 0
456 589 0
456 647 0
456 755 0
456 781 1
456 794 0
456 997 0
457 313 0
457 737 0
457 1272 0
458 313 0
459 313 0
460 315 0
461 322 0
462 322 1
463 729 0
464 729 0
465 729 0
466 325 0
467 327 0
468 339 0
468 475 0
469 339 0
470 341 0
470 431 0
471 341 0
471 431 0
472 355 0
472 842 0
473 361 0
473 872 0
474 361 0
474 803 0
474 872 0
475 364 0
475 540 0
476 365 0
476 683 0
477 367 0
477 565 0
477 635 0
478 370 0
478 1167 1
478 1282 1
479 370 0
479 1167 0
479 1282 0
480 371 0
481 371 0
482 372 1
482 531 0
482 635 0
482 702 0
482 1245 0
483 372 1
483 531 1
483 635 0
483 702 0
483 1245 0
484 376 0
484 411 0
484 444 0
484 635 0
484 970 0
484 1111 0
485 833 0
486 759 0
487 385 1
487 759 0
488 388 0
488 565 0
488 635 1
488 854 0
489 388 0
489 396 0
490 390 0
490 784 0
491 396 0
492 396 0
493 396 0
494 399 0
495 403 0
495 630 0
495 887 1
495 1232 1
496 404 1
496 833 1
496 1079 1
497 405 1
498 1045 0
499 409 0
500 410 0
500 1074 0
500 1221 0
501 412 1
502 412 0
503 412 0
504 412 1
505 415 1
505 722 0
505 897 0
506 415 0
506 722 0
506 897 0
507 419 0
508 419 0
509 422 0
510 422 0
510 762 0
511 422 0
512 422 1
512 762 0
512 809 0
512 1205 0
512 1206 0
513 428 0
513 879 0
514 430 0
515 432 0
515 447 1
515 983 1
516 435 1
516 711 1
517 437 1
517 643 1
517 772 1
517 1061 0
517 1140 0
518 437 0
518 643 0
519 437 0
519 643 0
520 443 0
520 1208 0
521 443 0
521 1154 0
522 453 1
522 877 0
522 1126 0
522 1300 0
523 1244 0
524 462 1
524 724 0
524 1175 0
525 462 1
526 466 0
526 489 0
527 471 0
527 1244 0
528 484 0
529 484 0
530 487 0
531 487 0
532 491 0
532 1045 0
533 491 0
534 501 0
534 594 0
534 775 0
534 1245 0
535 888 0
536 516 0
537 520 0
538 617 0
538 938 0
539 617 0
540 617 0
541 521 0
541 727 1
541 1135 1
541 1144 1
542 521 1
542 727 1
543 525 1
544 525 1
544 724 1
545 724 1
546 525 0
547 527 0
547 641 0
547 651 1
548 535 1
548 916 0
549 540 0
550 540 0
550 856 0
551 540 0
552 540 0
553 540 0
554 540 0
554 716 0
554 856 0
554 930 0
555 540 0
556 540 0
557 540 0
558 540 0
559 540 0
560 540 0
561 540 0
562 540 0
563 540 0
564 540 0
565 540 1
566 540 1
567 540 0
568 540 0
569 540 0
570 540 0
571 542 0
571 590 0
571 643 0
572 546 0
573 546 0
573 865 0
573 1083 0
574 546 0
574 1097 0
575 555 0
576 557 0
576 897 0
577 557 0
578 560 0
578 816 0
579 561 0
579 894 0
580 566 0
580 635 0
580 1245 0
581 566 0
581 635 0
581 1245 0
582 566 0
583 567 0
584 572 1
585 572 1
586 572 1
587 645 0
587 964 0
587 965 1
588 575 1
589 1025 1
590 587 1
590 816 1
591 593 1
592 617 0
592 715 1
592 743 0
592 1131 0
592 1239 0
593 621 0
594 623 0
595 826 0
596 826 0
597 812 0
598 715 0
599 631 0
599 641 0
599 651 0
600 632 0
600 1246 1
601 633 0
601 635 1
602 635 1
603 635 1
604 635 1
605 635 1
606 635 0
607 635 0
607 853 0
607 1245 0
608 635 0
608 1245 0
609 635 1
609 1213 1
609 1245 1
610 635 1
611 635 0
612 635 0
613 635 0
614 639 0
614 645 0
614 822 0
614 902 1
614 927 1
615 641 1
615 651 0
616 643 0
617 643 0
618 650 0
618 910 0
619 663 0
620 663 0
621 682 1
621 777 0
622 682 1
623 1153 0
624 683 0
624 792 0
624 1233 0
624 1235 0
625 752 0
625 1176 0
625 1306 0
626 752 0
626 1176 0
626 1306 0
627 692 1
628 697 0
628 730 0
629 698 0
630 705 0
631 712 0
632 1138 0
633 716 1
634 716 0
635 716 0
636 964 1
637 724 1
638 729 0
639 730 0
640 731 0
640 767 0
641 736 1
642 737 0
642 1235 1
643 742 0
644 740 0
645 741 0
645 1242 0
646 742 1
647 885 0
647 963 0
648 745 0
648 983 1
649 751 0
649 833 0
649 1079 0
650 751 0
651 751 0
652 751 0
653 752 0
654 752 0
655 758 0
656 761 1
656 909 1
656 1120 0
656 1155 0
656 1173 0
656 1255 0
657 767 0
658 767 0
659 777 1
660 777 0
660 1241 0
661 779 1
661 796 1
661 1253 0
662 779 0
663 784 0
664 784 0
665 787 0
666 790 0
666 1211 0
666 1234 0
667 791 0
668 791 0
669 791 0
670 791 0
671 791 0
672 791 0
673 791 0
674 809 0
675 812 0
676 814 0
677 833 0
678 833 0
679 839 0
680 845 0
681 855 1
682 855 0
683 860 0
684 864 0
685 865 0
686 869 0
687 877 0
688 877 0
689 901 0
690 1178 0
690 1268 0
690 1313 0
691 905 0
691 1264 0
692 1268 0
692 1313 0
693 905 0
694 905 0
695 919 0
696 919 1
697 919 1
698 921 1
699 924 1
699 925 1
700 925 1
701 930 1
702 939 0
703 950 0
704 956 0
705 956 0
706 956 0
707 964 0
708 965 0
709 965 0
710 965 0
711 982 0
711 1293 0
712 984 0
713 988 0
714 1005 0
715 1016 0
716 1016 0
716 1025 0
717 1041 0
718 1047 0
719 1062 0
720 1245 0
721 1065 0
721 1066 0
721 1082 0
721 1086 0
721 1087 0
721 1178 0
722 1178 1
723 1303 0
724 1115 0
725 1245 0
726 1175 0
727 1245 0
728 1065 0
728 1066 0
728 1082 0
728 1086 0
729 1094 0
730 1104 0
731 1249 0
731 1250 0
732 1178 0
732 1273 0
733 1180 0
734 1233 1
735 1070 0
736 1148 0
736 1281 0
737 1118 0
738 1308 0
739 1073 0
740 1073 0
741 1073 0
742 1075 0
743 1307 0
744 1268 0
744 1313 0
745 1084 1
746 1252 1
747 1307 1
748 1091 0
749 1096 0
750 1097 0
751 1102 0
752 1251 0
752 1263 1
753 1251 0
753 1263 0
754 1263 0
755 1104 0
756 1106 0
757 1131 0
758 1135 0
759 1264 0
760 1138 0
761 1139 1
762 1174 1
763 1142 0
764 1143 0
764 1159 0
765 1147 0
766 1146 1
767 1146 1
768 1294 1
769 1151 1
770 1153 0
771 1172 0
771 1271 0
771 1295 0
772 1175 0
773 1178 0
773 1268 0
774 1178 0
774 1273 1
775 1178 1
776 1178 0
777 1180 0
778 1180 0
779 1180 1
780 1180 1
781 1180 0
782 1180 0
783 1180 0
784 1180 1
785 1180 1
786 1180 0
787 1180 0
788 1180 0
789 1183 0
790 1202 0
791 1308 0
792 1231 0
793 1308 0
794 1234 0
795 1234 0
796 1244 0
797 1246 0
798 1246 0
799 1246 0
800 1257 0
801 1257 0
802 1257 0
803 1258 0
804 1264 0
805 1264 0
806 1271 0
807 1274 0
808 1274 0
809 1274 0
810 1277 0
811 1290 0
812 1292 0
813 1292 0
814 1302 0
815 1304 0
816 1311 0
817 1312 0
817 1313 0
818 1312 0
819 1313 1
